0.197482
0.846235
1.685442
3.147641
3.379387
3.61204
4.047709
4.513492
4.88873
5.401678
6.195396
7.03492
7.827891
8.247006
8.854172
10.350793
10.583151
10.769591
11.186825
11.65238
12.118707
12.586349
13.380612
14.315419
14.9639
15.335873
16.085782
17.488344
17.673809
17.906326
18.324421
18.792585
19.258798
19.770453
20.564807
21.540476
22.053265
22.42458
22.840521
23.303197
24.093151
25.067551
25.94848
26.877346
28.265578
28.451496
28.682902
29.10077
29.517709
29.982131
30.537573
31.370521
32.25077
32.75941
33.172176
34.047709
35.406621
35.591337
35.822902
36.240702
36.705011
37.167687
37.631451
38.467006
39.39399
39.903492
40.321224
41.03136
41.309637
41.728185
42.098117
42.516099
43.025895
43.440634
43.94848
44.367278
44.831791
45.248707
45.666507
46.175328
46.731632
47.474376
48.360204
49.517913
50.25687
51.049047
51.981428
53.893061
54.219455
54.685691
55.104535
55.524807
55.987573
56.548707
56.876643
57.342675
57.80873
58.230929
58.695623
59.163333
60.005419
60.890544
61.449115
61.823582
62.525215
62.851043
63.502063
64.204172
64.3917
64.626235
65.042653
65.41746
65.836553
66.304648
67.145124
67.563537
68.077868
68.915442
69.384104
69.850385
70.781904
71.667142
72.509682
73.490861
74.381473
74.847346
75.365827
76.16068
77.047437
77.980294
78.867165
79.711247
80.226145
80.643605
82.641655
82.969818
83.339977
83.710793
84.176417
85.057891
86.029795
86.817414
87.234195
89.784263
90.108299
90.480521
90.943764
91.406507
92.241496
93.168616
93.631564
94.093356
94.510453
94.974104
95.807324
96.78077
97.569705
98.033356
98.542834
99.377732
99.885691
100.348435
101.183877
101.649024
102.065918
102.946326
103.878208
104.757891
105.591882
106.514988
106.976054
107.439501
108.318503
108.828866
109.246303
110.131473
111.019478
112.93424
114.712312
115.551383
116.437505
117.931292
118.163514
118.587074
119.101247
119.568503
120.037029
120.924444
121.814535
122.372698
122.839795
123.585396
125.080566
125.312358
125.777664
126.243968
126.711791
127.172335
128.011723
128.992743
129.458956
129.925804
130.628072
131.093446
131.558276
132.072471
132.58585
133.42526
133.892743
134.311292
135.199387
136.177301
136.735192
137.946916
138.877573
139.71712
140.88458
141.536553
143.345918
144.226643
144.688231
145.104943
146.031632
146.447709
146.910362
147.693786
148.20238
148.712131
149.45331
150.521836
151.309002
152.09653
152.375464
152.9778
153.903015
154.134784
154.55238
154.97
155.388095
155.850566
156.684376
157.102244
157.56712
158.402086
158.91068
159.373809
160.302199
161.136825
162.018526
162.527097
163.037981
163.874308
164.33907
164.895646
165.452086
166.563537
167.490839
168.371111
169.62136
169.945487
170.318639
171.997052
172.790498
173.210634
173.769841
174.611678
175.545827
176.152585
176.481269
177.225396
179.184716
179.695124
180.067959
180.441904
180.955396
181.746417
182.69356
183.442539
183.675691
184.098321
184.563356
185.354897
186.380476
187.124376
187.683673
188.101496
188.943401
189.409365
189.877346
190.671564
191.187482
191.608526
192.541269
193.430521
194.26848
194.69077
195.206054
196.042403
196.602607
197.020634
197.812721
198.230929
198.791179
199.725487
200.657709
202.474126
204.329342
205.115056
205.949659
207.338458
207.56873
207.847482
208.218526
208.680362
209.142607
209.605691
210.484013
211.315941
211.822585
212.330521
213.164353
214.556757
214.78687
215.019092
215.434217
215.803333
216.265034
216.729229
217.423786
217.469818
218.535646
219.046258
219.416031
220.203151
220.666916
221.130793
221.641473
222.103287
222.936643
223.398888
223.954444
224.6939
225.709546
226.312018
226.68195
227.282585
228.490907
229.279319
230.16
230.999251
232.959795
233.752448
234.125646
234.640725
235.576666
235.995918
236.508662
237.300884
237.861292
238.282834
238.98492
239.963718
240.665215
240.991609
241.551972
241.925328
242.714761
243.509206
243.696575
244.11814
244.490453
244.956643
245.469138
246.25975
246.728117
247.19263
248.028231
248.540362
248.961609
249.846712
250.731972
251.524421
252.037188
252.599501
253.43848
253.904421
254.462222
255.303469
256.188049
257.076122
257.917029
258.850136
259.411088
259.786213
260.717142
261.555147
262.300068
262.81034
263.320068
264.170476
265.096689
265.5117
265.974126
266.756643
268.703083
269.491519
269.861541
270.460816
271.341927
272.268027
272.778662
273.152199
273.614875
274.124761
274.959614
275.932517
276.67424
277.092176
277.648843
278.53043
278.948888
279.459251
280.247188
280.803605
281.174625
282.102766
282.983151
283.818435
284.653764
284.933015
285.674875
286.184172
286.601133
287.343673
287.808571
288.364308
289.243015
290.169841
291.658888